108902006
116905108
021901001
021901042
077901101
147903103
205901041
013901001
116908101
126905103
015904042
170908104
108902104
220905153
057905003
108913113
020905102
108902045
214903102
220917101
057816102
057829001
139911102
043914042
057909143
109901001
165901047
095901003
095901101
095901001
095901041
221901142
221901001
071902171
015908043
220902116
220902111
014901101
221901010
014901001
014901041
101810002
015816001
101920016
015910008
057810101
101849101
178801101
107902002
043914004
108906011
057914132
111901102
111901042
126903107
246913102
101907107
126903101
220901161
015915123
125901043
036901004
057905247
057905219
101903199
180903001
101912462
057806101
015907117
057914041
178901101
178901001
101905043
101849105
108909113
031901133
057916135
139909109
059901101
181907002
084902007
108913110
095903102
227901017
046902007
101911101
186902102
243905101
015901001
015901041
165901041
015822004
108909042
015908042
250906101
250906001
209901001
043907118
116903104
057905163
101903045
101912102
152901194
101902001
101902041
101902081
043910106
184907001
184907041
057905206
057905058
101903114
020908115
071904104
108904129
108909112
220905101
220905220
125901001
101905041
220908101
071905138
101903012
101903047
101903005
101903205
101903041
101815101
010902101
108909130
015915106
043905129
178904101
043901001
220902105
227901101
094902002
101912104
235902101
015905106
170906012
015822002
057832001
022901101
022901001
022901041
226903101
071902102
161914101
220918003
068901004
220908006
220916004
015910012
126906002
147902002
015910053
015916005
086901002
123908002
250906002
015905042
015910160
015915008
079901004
227901012
015915062
015915061
015908039
036902005
214901110
037901101
037901001
037901041
021902117
043901102
108908107
239901101
108908043
126901102
126901101
126901001
126901104
126901004
126901041
108906101
020901101
020901001
020901041
020901102
043901105
249901101
249901001
249901041
031912005
108909118
199901103
188901003
188901001
084804101
057906104
057905140
123910101
227801002
071909004
140901001
031906003
101819001
220901124
199901106
036901101
036901001
036901041
101902101
003903120
043905105
101912105
101919109
170902101
220901160
227901009
246909109
093901101
093901001
101907146
071902001
057910045
002901002
043910140
205902104
227901102
002901001
002901041
101919003
031912117
020902001
020902005
020902044
199902104
126902110
071904041
057905353
108912045
097902102
043902001
043902104
220908120
043902041
057905280
108904126
220908124
246904101
225902102
057905110
227806017
127901101
127901001
021902115
057905164
127901041
232903104
071906101
071906001
071906041
110901001
240903053
071902103
186902104
057916050
228905101
228905001
220905055
109912001
101907051
205901001
057916101
061902047
057905105
005901101
005901001
191901106
061910001
061910042
061910041
101803041
079907133
220802101
220802102
220802040
220901001
220905002
046902110
084910125
084910111
159901121
105906045
108913042
071902054
170902107
057911101
043910045
015907101
101907041
108909120
212901101
212901001
212901041
021805102
021805104
021805101
021805002
021805041
084910122
043907117
057905169
021902047
246913044
057905239
220908207
071905101
057905209
101911113
064903104
101912273
043905119
220901149
101912274
217901101
217901001
220905251
020901005
101913008
101913044
101913126
007902005
015908101
107901001
107901103
107901041
101912106
220901132
152901061
101917124
034901106
034901001
034901042
034901107
101912041
220905188
061907001
061907041
057916144
014906052
108909048
161802101
015915178
108909126
101907133
057909041
015907102
227825001
057804006
227821101
031903102
057914125
057922103
070903101
090904101
096904101
146902101
170902102
184903106
195901106
205902101
221901102
226903102
108904101
071902002
101912001
227901002
057912045
084902041
108909041
123910041
188901041
068901102
079907126
227901250
196901102
196901001
070901001
194902101
194902001
194902041
034902001
188901101
057816101
161918003
161918101
161918001
161918041
161919005
161901005
161919002
220915104
220915001
220915003
220915041
212803001
212803002
061902115
079901002
057909052
101905042
057905180
108904043
108911041
091903041
133903104
057909140
246913109
101917101
139911104
220901045
227901059
030903101
030903001
030903041
101916042
106901101
178904041
183902101
101853106
057905352
227901187
094901101
084902001
200901101
200901001
200901041
195902001
101919102
101919046
010902001
010902041
101907101
101907125
025901001
025901041
178913101
178913001
178913041
057905357
057905381
227901182
057910122
057912005
020908113
240903131
057905133
068901129
079907141
094902109
057905358
129901103
036902103
036902001
036902101
036902301
036902041
036902102
043910132
178904152
220901052
101906103
101912107
227901149
079907127
043910149
071902165
020907107
014902001
227909105
057912101
227901103
243905041
015834001
015907105
071902049
221901153
220907126
101912108
011902003
011901001
011901104
011901041
232903108
227910108
101809101
101809041
158901001
158901041
084901107
084910105
057905108
152901155
101912467
101916104
084910050
101911041
015822003
015907106
071902104
152901156
101913106
170906104
170906042
170906052
101914106
220906106
220907104
015915180
057914119
079901101
101847101
108913044
043910160
057909101
220901141
101914050
227901104
220901158
183901001
183901101
220916119
220916044
227901054
227913103
101912303
015915192
107901104
071905001
226903103
014908005
014906025
101912151
212905102
220916001
220916116
161914103
014906113
015904102
220916102
101912002
039904001
101912360
091901101
091901001
008901001
008901041
188901102
057913109
014903001
014903042
014903005
125902041
125902001
101925101
021902109
031903110
057905184
166901104
031901135
066901041
253901101
159901111
066901001
101912295
101912268
220905103
220905071
101920101
101919112
101915107
101915124
254901104
071909112
115901101
057905047
138904001
152907107
170908111
232903101
057916005
066902041
101915129
101912109
220901101
057914047
020908044
031912041
027903102
020905111
079901119
220912101
057904042
101903118
031901048
043910128
021805103
101902102
220907118
108904104
108904047
061901049
043901117
043910136
101917041
015904007
015911004
015912003
015916006
015917003
015809101
015911005
022004001
015912107
230901101
230901001
230901041
187901001
114901001
114901043
193801001
057916133
064903101
046902107
246908103
071907104
220905206
161914444
071909122
199901114
079907052
057905062
123910132
057905235
220902101
220902010
212905103
101907139
170902129
178902101
220904101
178902001
178902102
188901103
057914101
101902126
101907148
101912042
129902105
246909130
101912110
101915127
227901105
226903104
177903001
057903131
227907105
180901041
057903045
108906127
061905102
123910127
016902101
016902001
016902041
105906113
116915101
116915001
116915041
025904001
057903110
061901122
068901125
220901102
227901106
205903103
015915181
227901185
043905118
158902101
101907043
071902105
246913103
084906041
034909101
034909001
175902101
175902001
175902041
235901101
235901001
235901041
139912101
220920104
043917101
079907108
043917001
043917041
011901109
028902105
059901102
220907116
246909118
061902133
227907102
072904101
109913101
109913001
043905115
015912104
123807001
101917143
130901002
130901001
130901041
130901042
043910142
116916101
116916001
220901051
116916041
043901110
241901001
101917051
015907107
057910134
021902103
031903103
071902106
101912111
108906103
165901101
221901103
226903122
074903001
068901042
014909044
188901048
101912112
212905104
101908043
220905225
101914131
240903128
148901001
011902101
057905034
015915125
101903102
227901170
043905109
017901001
117901001
117901107
117901041
061901111
161923101
161923001
161923041
220918001
057905060
220905104
212905041
185901101
185901001
185901041
015907147
031903104
057916122
070903103
079901102
105902101
112901106
116905102
152901157
169901105
175903101
221901104
226903105
071902003
169901001
220901004
227901013
169901042
068901043
169901041
057912041
188901042
043910042
249902101
249902001
249902110
249902041
180901001
170902078
015907001
136901001
136901041
057909119
057911102
226903106
243903101
071902158
015910048
160901101
160901001
160901041
101912114
092903121
057825006
015915023
057912116
003903121
220906108
126902108
015915150
015915134
057904101
020902003
020901004
020908002
020902004
079907136
021902014
021902015
008903102
008903001
161914007
008903041
213801001
021803001
021803102
021803104
020905001
020905002
215901001
215901041
198901101
198901001
198901041
239901102
239901001
239901042
239901041
015915024
057916128
227901107
015905041
015907111
220920001
220920041
108904102
079907113
101912116
061902049
101912344
220905212
181901102
181901001
181901103
181901041
227909106
249903101
249903001
249903102
249903041
107901003
061902129
094901042
223901103
043905108
243801001
101915109
043910123
015907112
101912117
079901043
015915058
057912103
031901140
203902101
203902001
092901104
170902127
184909101
184909001
184909041
041901101
041901001
161914104
243905104
227901108
121902101
121902001
025908001
014906125
003903122
227904108
101912119
015830001
220908043
174904101
084910047
084910118
057912102
152901159
227901109
071902056
108906044
129902042
011904102
178904043
223901005
223901001
223901041
101912120
107902101
107902001
107902104
107902041
031901008
025902003
025902001
025902108
025902041
101912121
230902041
220905163
161919101
161919001
161919042
161919041
178908041
240901101
240904001
240904041
246909114
057905001
021902003
108908101
220901147
227901110
220918104
119901001
170902123
166907001
105906106
101903145
108909011
233901110
186901001
101920126
145901102
221911102
145901002
145901041
212902101
212902001
212902102
212902041
212902103
057909102
015910142
121903101
121903001
121903041
101920102
101912122
015907002
101912043
071902004
243905105
220901155
243901001
243901041
015915166
176901101
176901001
176901041
043907105
126902006
015905124
068901103
071902107
126902001
003903131
027903101
068901104
071902108
101912124
165901104
027903001
227901046
027903041
101917126
101811003
031901128
101912125
239903101
239903001
220905107
101903121
101912275
165901127
170902121
015910050
057903047
188904101
188904001
188904041
101902131
057909042
220901129
061908104
109902001
061911007
094902003
043910011
057905155
226906195
116908041
170904103
246913105
159901004
246909041
084910112
014906002
101924001
101924041
031905103
057905122
241904102
020908102
043910053
235902123
101869001
050910104
108902106
043907113
084911102
015915101
110902003
171901101
246909132
126905106
116901001
116901041
071905102
101912287
178903104
178903001
178903041
178903105
084901109
026901101
043907107
057909103
227904114
212905110
026901001
246909127
026901042
026901041
123910104
029901001
061901045
178904103
049905101
049905001
049905042
101902128
198902101
101837001
101837041
084906109
015901101
015910118
031901034
031903004
031906005
031909003
031912003
031905003
068901105
015907114
166901101
166901041
166901002
061902107
105906114
071905051
116910101
227901111
116910001
101907044
071909104
106901103
106901001
106901041
031901101
015916112
170902011
057914124
220906101
108904122
108904114
234902101
234902001
234902102
234902041
108908108
071907101
071907001
071907041
057916102
246909125
046902001
191901001
071902043
191901111
191901041
046902003
014804004
046902042
101921111
015910140
246913045
246909044
071905127
110902104
220907125
188901002
108902112
071909044
101902066
015905118
101914051
108908112
061911119
046901103
043901114
043910121
201913001
015915128
108903041
108909128
108904125
101902122
015915177
101912322
220908123
101919124
057916145
101908101
105906115
043910046
095903103
043919101
101912292
064903102
064903001
064903103
064903041
101902103
015904101
015907240
043905127
175903107
220919102
178904001
220919003
220919041
220905110
220919001
071901106
057903102
015915165
249905103
101902107
220901041
101917139
220905111
220905001
183902001
183902042
183902104
015907241
226903038
165901126
188901110
021902116
068901106
101911105
116905104
246904102
188901170
101902002
028902102
057905125
227901173
031912103
227901112
031901115
108906126
015910101
061902136
220917102
220917001
161903107
108908102
163908103
014909102
152903103
108906047
108904123
152901062
001902103
001902001
001902041
245903003
139911103
101911043
101920124
011901103
227909102
011901002
011901108
011901106
071905103
057904003
057904001
246913002
246913041
161914105
246909008
014906124
246909047
227817101
170906106
227904048
116902101
116902001
116902041
057905287
199901112
043903101
043903001
043903042
043903041
043910141
152901192
043905002
210901101
021901002
210901001
210901102
210901041
133901002
133901101
133901001
133901041
057909105
145902101
228904101
228904001
145902001
003907102
020902110
057903103
057905126
057907101
072903101
129905103
158905101
244903101
061902101
226903041
003907001
220907004
226903001
174908101
174908001
174908041
003907041
220916041
084902042
108913043
123905041
123910001
071905014
061914104
108909123
057905281
108912042
161914043
220905223
015801003
161903004
161909004
161914004
161921004
101912323
186903002
020908106
072903102
101903104
031901136
101903108
092902101
107902103
107902102
246909135
101905001
103901001
227814001
220815101
225906101
212909001
225906001
225906041
212909042
071902012
246904042
057905147
057907107
220904041
240903120
015907103
014906053
015907129
071902045
220905148
057905201
205901104
220908106
246913110
007901101
007901001
007901041
123910130
101912027
194904103
043914106
206903001
158901101
071909128
229906101
229906001
101919119
249904101
249904001
249904041
225902105
015907201
038901102
038901001
038901041
099902101
099902001
073901001
100905102
161920102
161920001
161920104
161920041
246904002
174901101
174901001
220918108
061908102
220918006
220907107
061911044
246909043
139905101
139905001
139905041
057916006
079907046
240901041
220905127
043905106
043910112
226901101
226901001
015907184
046902045
015910003
130901105
015910145
071902151
101910101
101914107
101914007
101914048
067902101
067902001
067902041
067902004
057909180
015832001
191901112
243906101
243906001
057907111
221901047
061911117
057905189
071902109
065901101
065901001
065901041
205902102
240903105
015915005
043910005
101919116
043911041
240903046
043905043
014906116
212905106
194904002
194904042
057909047
057909129
246909101
006902101
006902001
221801039
061902055
227901184
084910003
014906123
084910001
061908101
084910051
084910011
028902101
084910010
084910101
084910002
084910043
084910008
015910119
046902119
084910009
084910004
002901105
126903001
108913114
079907004
071902149
146901001
146901041
220905222
057912161
018901101
018901001
018901041
101912048
014906102
071901001
071901009
071901039
071901041
057907106
057905205
101910102
178904146
057909132
020905041
030902101
030902001
030902103
030902041
114902101
114902001
114902041
031903041
084909003
084901014
084906014
101910045
043905053
057906107
184907102
101912123
015915135
025902101
015910102
071909046
240903122
146902102
204901103
204901001
071902110
042901102
126903102
042901001
042901041
178904009
071902175
057910123
108909008
095905102
021901102
101916105
170902014
061902102
021901003
021901015
021901041
116906042
212903101
178904008
220906102
220906004
220906042
015904117
015904103
043901003
043903002
043908103
043914002
071902142
101903122
015907116
170902050
175903041
066902101
091902001
091902101
091902102
229901101
229901001
223901101
015910103
015915115
079907117
079907128
168901001
168901041
027904102
020907001
015904104
045902002
045902101
045902001
045902041
046902201
046902206
047901101
047901001
047901042
220918110
130902101
130902001
130902041
116903101
116903001
116903043
079907135
220901105
043918001
101912013
220905117
220905063
112908001
101902090
068802001
037904004
101842001
043905132
233903001
101912130
101902123
161921104
161921001
161921041
015915052
161921101
015907041
170902001
071905139
015916101
220905210
227901161
101912358
101907047
126903109
091906004
071902111
147901101
147901001
101912132
015907024
057909107
060902101
060902001
221901002
060902041
101907130
101925102
057922001
057922042
057922044
057922043
050910001
050910041
227904111
220908121
079901125
043905121
220901137
108912124
061912103
101912133
101920048
079907147
188901104
071902005
152901020
095905043
015916104
015801002
178807101
187904103
187904001
187904041
187904104
175903001
003903123
095902001
057922109
246906103
142901001
057903112
046901106
043907006
246914101
014803003
227901057
109903001
227901183
177902101
170902077
057909050
061902140
221901048
235902106
129901002
129901001
129901041
052901101
052901001
052901041
018908001
161901101
161901001
227910111
061902054
021901109
061902116
101921112
084910046
057825012
057903006
220918043
101913043
170902106
101905105
084902102
101912290
015916106
019905101
152907104
161914106
191901107
252901101
021902105
031903105
071902112
101911118
101912135
102902103
105902102
113901102
116905103
117901105
165901105
178904108
184903102
226903108
243905107
113901002
227901008
139909112
068901044
113901041
057912042
188901043
195901042
031901102
101906004
071902113
101906106
129902106
101906001
101906102
084908042
101906042
054901101
054901001
054901041
061901125
030901101
030901001
107904101
107904001
107904041
220915108
220908202
220906044
111901005
101903011
050910005
126902003
184801001
057910009
220901150
220901103
078901101
078901001
220912001
220912009
220912042
061901041
091906104
170902073
254901001
220905017
062901001
062901042
062901041
101912044
178904045
212801101
212801041
112905101
112905001
101903112
031901042
101912136
227901113
101910044
178904046
243905108
243905115
130901101
123910105
184903105
057906043
043905103
174902002
174902001
101907002
043912104
101907004
246913104
101907007
021901202
101907013
101907012
101907010
101907009
101907011
101907037
116908102
240901119
061914103
057906002
105906046
043901101
220908109
108909102
163902001
049905002
084904002
108910004
152909003
159901003
161920006
015915035
227901115
043910124
220905119
220905042
220905194
240901104
227910043
172902001
172902041
056901104
056901001
056901105
056901042
057804003
057804004
057804001
057804002
057912007
057903009
057906007
057814001
057905071
220912108
220818002
232903102
020910101
092801001
057905203
084909104
220904105
020904101
020904001
020904041
105905041
031901144
108909116
108902116
057905225
133903101
101907145
220908044
148905101
057916127
084910127
057909108
043901116
015907162
057910133
015907118
079907053
057910104
220902102
170902118
057905116
031905106
220905186
220912113
070903106
057905023
108903042
101912297
071801003
043910111
057903113
057909126
057912121
199902102
227901179
101902012
101912003
043914044
015907043
101902082
175904101
178904154
227901114
175904001
058902001
226903109
221901208
146902002
146902007
101912137
108904117
047902101
047902001
108906046
101902155
015907121
101905102
101911120
101912138
165901106
220905121
101917136
101912045
043907120
161914107
101907042
101912383
071907102
101912026
249905001
227907104
227907042
101921102
246909107
101908102
101908041
220912103
246913113
101908105
101908001
101908042
246909045
101913112
061902106
019901102
019901001
019901041
031901120
071905104
233901002
233901001
233901043
071905145
227910110
071905008
227910001
227910041
227910002
061902050
227904113
227901249
115903001
246904105
220908205
015910104
101919114
071902025
159901104
091903001
061901006
061902007
061903002
061905002
061906002
061908002
061914002
057903008
061911003
057922111
061901003
251901001
227806029
139912102
123907102
170902074
031909101
071901103
071905048
071909120
071905136
057906041
057906001
057906042
227904105
227904045
220905024
194905101
194905001
194905041
147903101
146903101
146903041
163901004
163901001
163901102
163901041
002901101
081906101
101916002
176903101
176903001
143901102
105902103
220905122
220905004
101914108
108905041
108912111
003905001
003905041
003905102
084901009
084901001
082902101
082902001
091906102
009901103
144903001
035901001
035901041
021902012
031903106
123910126
220901130
133905101
212905107
101917004
094902042
227901055
227901192
057916119
074904001
043914104
101912139
101915046
101912140
212905042
220905227
071905105
108912049
020901110
240901102
184907009
220919106
043914109
061902117
108902001
101919123
108902007
220916113
220908204
108911109
043910119
108902047
031906110
015907153
070903043
199901105
199901108
108910041
199901109
086024101
227901154
246909119
246904040
212905108
112901107
015907119
071902114
174911001
240901123
220906103
057916103
071902115
043907043
068901107
123907113
101912075
031912104
031903007
043914046
108905103
108912122
129906106
212905125
101907057
015806106
015806105
101907154
043901113
233901112
015806101
031903122
043907046
015806103
108912043
108904128
240901003
233901113
071902057
071902040
079907144
178801001
123910129
240903130
108912127
214901112
108906128
015806041
108913109
101910115
071909126
108904127
254901101
108909124
057905090
175903042
101856101
101856102
057814002
101902042
101906104
015915171
105904101
105904001
105904041
178905101
015910049
178904047
178905041
108909122
072902101
072902001
072902102
125901041
235902102
101919044
220901104
079907112
079907001
079907041
171901001
171901106
171901041
070912106
152901063
220905005
084901042
220905059
003903124
014906117
057907001
101902124
220901125
152901160
101912115
101912144
101907142
057910113
015908041
061905101
221901108
079907101
020908101
057905045
108912108
225902103
020901105
015904116
212903103
205906041
220904102
158906103
015905044
214903106
055901102
220915102
045903105
045903106
220918102
159901001
159901041
220907124
101913121
227909101
043907116
015805102
101905107
101908109
133903107
159901112
178914106
212903104
113901105
221912106
178904153
084904108
112901102
043905135
084902115
101919021
031903005
057903010
240901008
165901006
025909101
025909001
025909041
025909102
234907101
101917141
241902101
241902001
241902041
015911003
015911105
015911001
015911043
036903101
036903001
036903102
036903041
205902103
101912345
025902109
215901101
220811101
220905126
071901042
071905120
177902102
037904102
158905102
015910105
246904004
014906103
220905125
220905006
014906046
071909008
067903003
067903001
067903041
070911103
188901105
146901104
227901019
101912301
071905002
071905124
071905106
071905043
057905305
101902061
108904002
068901005
074905101
074905001
068901047
015916103
084910102
101809001
220918045
108903001
108903004
070912042
048901101
048901001
227803101
079907131
071905107
095905103
101920103
234903101
234903001
234903042
234903041
108904001
108904003
049901101
015907003
101912046
108909119
014910103
120901104
120901001
120901042
101914114
057905232
031903204
057905270
061802002
057833001
057833002
170904106
220905209
057905044
101919050
057905216
100904041
179901103
057905166
101919043
220910101
031901123
101915110
123805001
101915118
108904120
101902004
015910041
101902084
014906100
241903001
241903041
246909102
071909010
015910121
071909005
031901105
068901127
068901112
068901114
068901116
068901118
068901122
068901123
071804001
071804002
071902006
057905265
094902114
220905044
207901101
207901001
207901041
015836001
243902101
243902001
057905241
071909115
011902102
011902001
011902041
108904048
108912107
101912147
020905107
057905191
220908114
001903101
001903001
001903102
001903041
220918105
235902126
057910109
043905126
057912118
220901142
015912108
101913107
105906107
031914101
220918002
101912475
108912109
015907141
015916113
108902117
015915145
101912148
246909139
101903002
108909006
102906101
102906001
102906041
174904102
101912149
165901114
188901106
011901101
108912118
061901124
111901104
057905028
101907120
142901104
015910129
101905005
101912350
101912364
101912342
101912321
101912459
101912455
101912390
101912468
147902101
070903002
070903042
108912121
061901115
101915105
049906001
043901044
105906043
220908113
101902121
071909117
057910126
152901196
101902063
108904116
108906119
071909110
071909111
015915124
057905283
152901021
095905044
057909128
061902119
174910101
220919108
030906101
030906001
030906041
220916042
107905001
107905103
107905102
107905101
121906101
121906001
121906041
108912126
074903102
152901064
178904110
050901101
050901001
237904107
057905135
220904003
220904001
015915156
061901112
057834003
057834001
057905056
015915011
232903002
101917012
101911014
108902008
092904003
108809001
210906101
143906101
108913102
210901104
057905120
240901007
235902103
071903105
071903001
071903041
130901102
013901102
243905109
130901103
081902101
081902002
081902043
081902041
057907102
101908108
101908044
041901003
041902002
200901003
200901005
200902002
216901002
226901002
226906002
226907002
048903002
041902005
200902005
216901005
226907005
091906105
020901046
041902195
048901195
048903195
200906195
216901195
226901195
226905195
226908195
226906150
226901006
050910101
057815001
057815041
057815101
084910124
024901101
024901001
024901041
101913124
101867001
027904002
128904101
128904001
074903103
021902106
071902116
165901107
175903103
178904111
226903110
188901044
060914102
060914001
101912352
240901105
057912113
246906042
057903109
043904001
043904102
043904041
101907135
220901143
243905130
185902101
185902001
185902041
043907041
031901043
178904157
075906001
123910131
057905289
015904010
015904047
015907123
220901056
246909123
015915151
079907038
070905002
070905104
070905041
253901107
101912152
057903041
108906114
237904106
101907124
043907102
220920106
240903112
074903104
079907045
015915107
043905107
101917102
220901136
045902003
015908109
214903103
075901102
075901001
101912078
123910110
057914102
220907102
246902101
246902001
057910106
246902041
246913048
232903046
247901002
089903002
247903002
247903004
247906004
247904002
247901001
247901004
247901041
043901107
178914101
178914001
178914105
178914041
178914103
061902112
061902010
057914116
077901001
077901004
077901041
057817101
101912271
015915059
148902001
101912153
101912072
101912047
101912470
170902112
101912476
246909126
188901107
057916143
057916047
246909108
220905045
092903041
021901108
227909104
061902128
169910001
015915141
057916120
061902048
043910109
129902001
114904101
114904001
079901008
079907010
079910008
101914034
242906001
115901004
115901041
079907051
186902001
186902041
220809001
220809101
057804007
057804008
220907042
220907002
015907125
101912154
101913104
161912101
220901126
079901003
092903042
220902117
246913047
014906104
243905111
043905048
015910130
015907004
116901101
225902101
043901108
101902105
015912044
108904046
057905079
101907112
057906108
101915125
057905240
015904004
071901105
015908108
043914043
142901041
070908042
139911042
043910052
240903123
057905013
015907126
015915193
101912155
109904101
243905112
071902010
198903001
198903041
001904102
001904001
001904041
101914126
101907117
101917127
126902102
101914137
031912101
037904103
091906101
229904101
057905046
133903109
061901039
014909008
108904112
146901004
057905266
086901102
086901001
086901041
086901104
174904103
015917105
220907117
057903128
057909109
101917103
020905042
066903002
066903042
046902115
062901104
152907001
152907041
220907122
084911001
084911041
185903101
185903001
185903041
185903102
043905001
020902109
079901120
101912156
175905101
246904103
175905001
101920104
234909001
234909041
084906101
226903111
122901001
015914101
227901043
004901101
057903116
101912004
084910108
161914005
143901002
143903002
235904001
057913042
070903107
102902101
161914048
020901043
057907043
084910126
057905103
049901001
049901041
170902120
068901101
101910104
101910002
101910041
227901176
031901138
101912291
057914103
015915144
178904150
084901012
084902003
084904006
084910005
120902101
120902001
120902041
101912283
125901102
178904115
015915057
031901053
227901056
101902163
101912157
031901106
046902102
061902120
101912158
015905108
101917104
101917105
233901102
057909053
057909002
101914047
184911101
057910121
015910042
101924111
003903125
031909102
174903101
174903001
174903041
045903103
043907121
183904001
129903003
085902040
031901124
108906122
227901015
015907127
050902101
050902001
050902103
050902041
050902102
107906002
240801002
240801001
057831002
057831001
014804006
117901106
014804005
014906004
014906009
011901033
243901002
031912009
246909121
166902101
092901102
178801102
191901101
043901104
061911043
214901111
011901022
101917106
057914130
101911046
057905075
057905134
079907011
220905115
238902109
220919043
015907143
015802001
057905304
101804001
043901109
079901042
227806015
057905190
079901009
057905124
057905218
057909159
102901103
240903045
149901101
149901001
149901041
149901102
246904003
246904001
108909107
126903108
161925101
236902102
178904116
144901101
144901001
144901103
144901041
170902119
057905276
057912122
072903103
205903104
137901041
015904107
230902102
230902002
230902103
101919121
061901110
101805101
101805001
101805041
139909105
092901001
092901042
020905113
015915111
087901101
087901001
101907136
057909157
071905129
170902116
116905005
043907109
220905132
213901101
213901001
213901102
213901041
220905064
020908007
220906111
226903112
057907109
015915102
220908107
226903042
020901114
015915103
188901108
101866001
101919128
165901046
126911101
126911001
126911042
126911041
043911103
169906001
101917107
057909123
057835101
057835001
057835102
091903102
057835104
057835103
167901101
167901001
167901002
101912159
068901110
088902102
114901102
226903113
088902001
088902104
088902041
089901101
068901111
089901102
089901001
089901042
089901103
031901130
108906124
071907105
057903105
057912105
101902106
220901119
105902041
187903101
187903001
187903041
101907052
046902104
101911015
182901001
067904001
067904042
227901062
184902109
227901116
220902114
199901110
057907110
108909127
043914041
101912068
156905001
182902101
182902001
227901159
252901001
252901041
252901002
111901001
111901041
057910011
057910001
057910002
234904101
234904001
234904102
234904041
238904001
126904102
126904001
246913119
126904041
090905101
246905001
170902068
178904056
101902048
226907001
226907101
226907041
226907104
113902102
113902002
113902041
220906109
220906001
220906041
057914128
101902125
246909128
165901128
171901105
071902162
094902112
101910105
220902120
220905134
220918109
170907102
021901110
101913109
116905004
116905002
116905041
191901110
165902101
101915104
165902001
057916104
101912162
101912058
205902001
205902105
205902041
101914127
212905111
061902044
043905046
020905114
057903003
101912262
147902001
147902042
033901001
101912369
123908101
123908041
228901102
228901001
214901102
214901041
098901101
098901001
098901041
152901161
235902104
108904109
071902163
227901186
123910112
108913002
071902044
108912104
043910129
227901117
220901047
043905113
091917101
091917001
091917041
098904101
015905046
212906111
047903001
135001001
240903114
031903044
061901007
108902102
015905117
240901121
057907108
020908104
071909102
126905101
079901123
220912041
003905101
003905103
057905017
057905178
212906113
101924109
137901001
147902104
071902169
101912456
101908007
205901101
237904104
015904108
178904048
015904003
015904045
071905108
061914105
003903126
043910044
170902113
101907128
095903001
095905004
220901153
057912106
057912107
101902013
184903041
143901101
143901001
143901041
234909101
161924101
102904107
102904002
102904104
102904041
102904108
102904102
101912131
220902001
220902041
101902043
101907126
097902001
097902041
101907049
101912049
057916105
188901109
127903102
127903001
127903041
178904049
013901105
123914101
123914001
123914102
123914041
057914104
101907108
057909110
220905047
057912119
031901001
141901103
219901101
219901001
101853105
100904002
100907003
146904102
146904001
146904042
146904041
100905001
036901003
036903003
146901003
146902003
146904003
146906003
152901162
015910136
108904103
101925001
014906105
014906007
015904008
015904046
015904001
015904041
220905130
101911107
102905101
102905001
102905041
031903001
031903002
015822008
015911102
230905101
230905001
015910106
230905102
230905041
101858004
161807005
101858005
101858001
227816101
101858002
101846102
101846006
101846003
161807004
071806002
220813006
101846002
015828002
220813101
220813005
227816004
227816003
101862001
101862002
071806001
220813001
152805001
015828001
161807001
101846001
227816001
031803001
101858003
161807003
220813004
161807002
101846005
101858006
015828003
152805002
101862003
220813002
227816002
101862004
235902044
178904014
057905076
101912094
043911104
086902101
086902001
086902041
061901048
137901109
243905006
057905115
043910118
101902129
101912320
101920010
101915037
101914033
101811001
101811004
227901118
101912166
015907047
015910058
101912167
220916103
029901101
244901001
057905230
199902043
043908102
057910047
108911108
057905066
057905212
071902118
227901163
035902101
035902001
103902001
101912051
225907101
101912168
101912169
137901105
101905106
152901163
220916045
104901101
104901001
104901041
061911101
101915120
101903001
015915184
101915103
170902002
043910134
061901118
071902119
250902101
250902001
250902041
127904101
127904001
127904041
015907179
014906119
091909110
014906138
195901109
243905114
105906003
105902004
220905118
070905103
101914112
101906002
101912097
043910213
015915006
015907202
015907182
101903115
198905104
198905002
198905042
057909124
124901101
124901001
124901041
061902012
061902008
061902118
014909118
057910124
057905077
043910125
065902001
061902105
061902042
101903111
084906102
240901106
057842002
220905138
071909114
129903105
101919127
123905101
101912170
015915104
227806032
101907151
105906109
202903101
202903001
202903041
237902102
237902101
237902001
237902041
015915198
021902107
129902104
165901108
201902001
101912171
072903041
071902041
100905041
201902041
101912172
043910048
227904004
039902101
039902001
039902041
057905234
108912115
159901118
084910123
240903125
015833001
108909108
015916044
101912052
057905073
091906111
079901124
057905182
059901001
059901042
059901043
015907132
057909142
015917104
061902122
101916102
101919115
220906107
220907106
043905007
152907043
220906043
079907150
199901044
129906041
043907125
075902101
208901001
105902107
015908114
101912173
101912286
061914102
003903127
031912201
050910102
161903102
199902003
043910143
057909133
101903120
178904106
097903101
097903001
108905002
108902003
108908038
108913005
108913007
108905001
108905101
108905005
108905104
015912106
015910123
101913114
220907112
148903001
015803101
220918106
084903101
084903001
084903041
101924014
014903117
093904106
101911012
057904104
095905105
015911106
015907134
101912174
027904103
057905284
220918042
015907135
019907105
123905102
188903101
227901119
227904116
015822005
057911001
188903001
057911041
188903041
177905001
061902110
079907123
101911108
057904105
015907005
101911044
101902098
101916009
101919013
101910006
043910138
079907008
108908116
101915042
101912473
109904010
109911010
010902102
133903105
227909041
193801101
220901117
227901155
101902069
015907136
095905106
123905103
125901101
171901103
227910107
057905006
071905045
161914109
109904104
109904001
109904109
109904041
057909125
071902121
191901113
061910101
220907043
101912395
101902153
015907137
243905001
084908001
084908104
084908106
061907101
057910131
101912175
015915045
061901105
079907047
057914105
152901165
101902046
015915188
046902112
101912053
212905043
101907106
220902112
226903114
014905101
014905001
014905041
101912050
101920105
005902101
005902001
005902041
015915001
015915004
101903124
101907121
101903044
112908200
015910054
015910070
152901009
123910123
061902132
220904104
163904001
152901166
074907101
074907001
074907041
020901109
072903104
019902102
019902002
019902041
057910054
108912005
101912329
120901003
029901003
246909046
015916102
235902105
101907055
101911117
101911045
071901004
071909105
071901044
108802101
108802102
108802103
101903123
101912178
057914005
101907113
071902053
227910109
108913008
071902024
043910200
057905099
050910110
170902111
101920106
101902062
101912348
057804010
057804009
031903107
057913102
061901102
070903102
091903103
108906106
123907103
165901109
170902104
178904117
182903103
227901162
243905116
101912179
101828101
101828001
101828002
015907006
101821001
101829101
101912310
057912046
188901045
095905002
071801001
199901102
015901102
091905101
091905001
091905041
235902043
015915119
101919125
109905101
220905137
109905001
019913101
109905041
212905044
072908001
043911102
227913042
031901134
092903117
003902001
003902041
015910135
071909107
061902052
043910120
101925103
101925041
079901110
126902041
084901106
034903101
034903001
034903041
071902123
043910114
015915105
146905101
146905001
146905041
101913015
101913101
101913001
101913041
188901111
116905003
062901102
043905051
133902101
101920107
079907122
003904101
003904001
003904102
003904041
236902106
236902002
236902041
015907139
108908115
071909125
220916115
220916043
072802001
220901046
015908104
241903102
168901101
152901065
246906101
246906001
246906041
091903104
057911103
243901104
220905217
237904102
084910120
241901041
152910101
152910001
152910041
108807101
108807107
108807104
108807108
108807105
108807106
108807110
108807135
108807035
108807112
108807012
108807120
108807020
108807001
108807010
108807007
108807004
108807008
108807005
108807006
108807109
108807009
108807103
108807003
108807111
108807011
108807102
108807002
108807121
108807021
014906131
057905131
108801006
108801005
108801001
108801002
108801003
108801004
184903110
043801001
015908040
220908112
101911016
061902142
220907121
015912103
061902113
071905050
161914050
046902125
220907044
120905102
120905101
120905001
120905041
170908007
205903001
205903102
133904101
133904001
220905252
101912300
057830001
057830002
214903003
108906005
186902101
220905062
227901029
057848001
057848002
057848003
057848004
057848005
015910009
093903101
093903001
243903001
014906130
208903001
186903101
186903001
186903041
018906001
233901108
126902111
108912046
118902101
118902001
079901121
057905035
057905356
170902054
152901066
070908103
071902008
126903104
057912002
015907049
043910165
101912180
043905116
161909041
070911106
221801027
221801056
221801051
070907001
109907101
109907001
109907041
220906007
220912109
070908107
025901101
043907122
240901120
061911118
161914110
102902116
121904104
057907041
043907197
108904039
108912006
126903004
079901106
034907101
240901122
220908105
092903122
057905053
170906103
050910107
061911113
071905007
057905142
057905263
015907110
220905187
108902109
212906042
129906102
057905196
199901042
101910106
101914125
220902104
105906001
220919101
057912006
057905176
070903105
101913117
126902105
220912105
057912123
119902101
119902001
119902041
043910101
079901118
108906107
152901168
212909102
221901112
101917042
015910045
101912054
057909045
015910107
029901102
037904002
037904042
105905101
108909047
084901105
220914101
061907102
043901112
101910113
019909101
057905112
057910102
101911103
165901131
019909001
019909041
079907054
220908045
246904110
101914118
021902002
220914102
057910051
246909052
084910104
015916117
179901102
061911010
057905032
220905048
071909129
057907112
165902041
057905157
246904041
101822001
079907148
071909116
021902045
020905106
079901105
220908119
101912181
246907101
246907001
246907041
043910009
121904001
121904043
015915002
132902001
101914121
121904105
057819001
220905070
101914115
047901041
094901103
123908003
123907007
123910011
014909107
031903108
091906106
101912182
155901102
243905118
108904105
015907007
071902009
155901002
155901041
015915055
123907041
221901006
155901103
101916101
101917125
057905279
101907003
057916129
043907123
108911103
101917109
015904115
057905141
094901041
221911001
221911041
246913116
057905172
108912008
015907020
057904007
170902010
170904004
101905007
101916032
246904109
220905026
031914041
101919110
240901043
210902102
210902001
210902041
061901040
094901102
079901126
043902101
014903111
043919102
057904109
037904105
101914124
071903103
214901105
043912103
057910010
094902113
057910041
111901108
220904106
084901043
240903003
227904003
068901045
057905052
093904104
220902119
108909106
071909124
108907108
108904121
108912102
015905002
057905268
057905192
084910116
243901101
243901103
015911101
100904101
057905197
108911101
015808001
015808005
015808006
015808003
057905161
163901101
057905193
057905389
061911045
108909101
057905114
227910042
057905101
220905129
212905003
057912124
057909155
240903127
057905121
057905237
101919104
188901050
220901121
126905042
126902004
021902108
071902155
101902116
129902101
015910014
046902121
057912108
221901113
101912055
092903123
246909124
101902165
101902134
165901110
178904151
212905112
136901101
101912006
015915044
050909001
227901178
101912033
015915051
108903106
175903102
108914101
108915041
108912110
043907119
071907103
071907042
071904103
227910112
057905200
126905001
126905003
101822101
227901120
007902101
007902001
007902041
101907122
220917104
101908107
108912048
057910128
079901117
079907149
108912120
108912004
240903118
015822001
057905038
079901127
031912116
240903124
015916009
015916030
015916001
015916003
015916045
092903043
126902109
043912102
240903126
015917106
108902118
057905271
057905137
015917041
134901101
134901001
134901041
061911102
057905008
139909108
003903201
015907195
079901133
092903200
094901112
221901008
108904040
170902201
205906002
057905096
126901003
220905040
240903006
057905194
133903106
178904055
101907053
101915108
101912378
015916008
102901002
128901001
128901041
128901042
128902003
101924012
101912185
101912007
105801001
057909146
057905085
116901102
129902102
246909110
101914102
101914001
101914041
137903001
170902125
129903001
061911114
240903117
128901004
227901044
101902151
170908042
057909144
126906101
126906041
126906001
101907143
220907128
031901143
220907001
101917144
220907041
220907101
168901102
251901101
108905102
227904046
108909117
101912187
242905001
021902101
129904001
129904102
129904041
129904101
079907005
130901104
161914112
128902004
128902104
128902001
128902041
113906101
113906001
220914001
220914041
101903107
101912188
108903103
129906101
159901119
178915102
108909046
240903121
057905354
014909117
220908111
084901101
057903122
114901108
175907001
248901101
248901001
248901041
043901111
101903006
101912389
220901128
101912079
057912109
031903003
071909003
220916005
071909118
243903103
227901180
092902002
092902107
092902042
092902106
014803001
014906001
014906026
061902059
101903043
057914122
057909111
057914046
146902105
046902122
015908105
101912355
178904002
170908107
015904044
015822006
101913002
101913042
101913013
057912163
101813041
101813113
101813001
015826041
227820042
227820043
227820041
227820001
227820101
227820102
227820104
227820103
227820044
015826042
084902114
084902047
057837101
101813106
101813109
101813004
101813003
101813044
101813111
101813047
101813110
101813108
101813005
101813043
101813107
101813042
101813105
101813048
101813006
101813114
057837041
015826101
015826001
101813045
015916041
243905048
121905103
121905001
121905041
101907134
220905139
220905049
148901101
015916042
101915045
057905167
137901106
101915038
101915004
101915034
101915002
101915001
101915041
101915003
046901109
101915039
101915117
101903141
141901102
058905001
232901001
015915138
138902101
138902001
015907242
220901157
170902046
246913046
227901172
094901109
084906103
071902166
101915101
101863001
178904158
101912189
220901107
018907001
178904118
100903101
100903002
100903042
100903041
101915113
239901103
101915121
219905101
219905001
015912109
101915048
015915186
015910043
061905103
061905001
061905041
101917110
101915115
015915191
101902164
101902130
003903128
105906101
220918101
108903105
068901128
108904113
015905109
129902103
101924104
101917116
071904101
057905012
057905159
057905136
116905109
057905059
057839101
101833101
101833102
101833103
031912112
071807101
031905002
031905001
125906101
075902001
075902102
075902041
108912001
108912007
084904114
084904001
084904116
084904048
095905108
031912114
101916103
101916001
101916041
254902101
254902001
214901103
161906105
161906002
161906103
161906042
161906106
247903001
247903104
247903041
247903103
108914004
108914001
108914041
057903132
101907046
015913101
163908104
043911101
057912050
227912101
227912001
227912041
161914127
014903043
061912101
061912001
061912041
057916107
057916052
057916002
057916042
020905043
079907048
220918112
227913104
227913101
227913001
227913041
226903002
220910001
101913102
061902104
057904108
101913125
057922107
061914041
057909005
061911106
061914107
079907102
129905105
191901105
061902046
227913102
014903108
057905171
101921103
220916118
108906007
240903054
079901001
139909111
068901115
015907146
031903109
046901105
071902125
090904105
091903113
101911111
112901104
116905106
165901111
170902108
182903104
188901112
226903123
233901106
243905119
101912008
220901003
079901041
227901045
014909041
057912044
061902045
240901042
058906001
058906041
058906004
101907103
141901001
141901041
057913110
071905133
057913001
057913041
188901113
101903116
057825004
031912106
101920041
057903121
101902108
201903001
227901168
101907005
123905104
015915187
159901103
015907008
227901004
101912057
228903103
079907115
101912192
107910101
107910001
107910041
015910108
057905154
220901151
070908108
101912340
057903120
015910146
015905110
031906103
227901018
245901101
245901001
024901103
113905101
113905001
105906111
105906044
020901112
094902108
100904104
101917137
246913111
246909116
227806030
031906107
101912357
068901130
084910106
101912263
101912034
221911101
188901114
079907006
057914115
185904001
227901014
071905130
108902115
092903004
101811006
227901035
061804001
084910103
084910045
193902001
108908109
014803004
246913001
246913042
057905011
061902005
019914101
057905286
057912111
061901104
071902150
101907144
108904107
123907105
188901115
221901116
227901121
165901042
031903123
015910001
101911002
101912009
165901002
226903043
090902001
015911044
057825010
057846001
187906101
187906001
105906005
057905130
043918041
101915111
057905149
108912106
101916107
145911102
145911002
020908108
014903102
145911041
015915152
205903042
015915108
074909101
043907045
074909001
074909102
074909041
220905061
057905278
057905210
061901005
057814005
110902106
110902001
110902042
110902041
201904101
201904001
201904041
015915168
101912194
129902107
101902052
061902143
061902001
061902014
061902009
079907132
144902101
144902001
144902041
240901108
183902103
235902006
061902135
146906103
220907120
220915105
220920101
159901120
057909158
043905006
101912324
146906001
246908101
246908001
246908102
246908041
014906049
057916049
031906042
108909044
146906041
019908103
019908001
019908104
019908041
019908102
019908101
019908002
057905158
015915225
101907111
101903109
057807104
057807102
057807105
057807001
057807101
240901124
015825101
020905006
020905004
126901103
061902141
178902041
220905116
147902003
108904108
057905009
204901041
071902051
108906043
123907043
226903045
246909138
220908046
061908003
212903001
212903041
034905102
034905002
227901160
049907101
049907001
057805101
072909001
015915131
111902102
111902003
181908001
004901102
181908101
181908103
181908041
181908002
220901146
061914001
140904102
140904001
140904041
140904103
004901103
105906004
246909120
014906050
057912112
015822007
187907002
187907101
187907041
094901111
043907126
150901101
150901001
150901041
108911107
108912116
084910117
015915109
101912195
028902001
028902004
028902045
028902038
077902003
077902101
077902001
077902041
221901117
071902128
160905001
246913106
043901118
015905112
071905109
071909121
101916106
101916043
141902001
178906101
116906101
116906001
116906041
046901102
170903105
220907113
043905008
101912059
031903120
165901112
221901118
057903044
070908105
020901104
101912196
015907050
031901103
015910134
092903001
083902001
101912197
031901007
015910057
031906104
168902001
101914113
161907101
161907001
161907041
161907102
043912041
070915101
057905260
057910119
057912048
108912041
188901049
054902102
054902001
071904102
031906041
178904121
031906101
031906001
031906002
240903047
015915236
015917103
011901110
178909103
246906003
246907004
073905102
246911011
220908122
241906101
241906001
241906041
057905275
101912198
043919001
113903102
113903002
101912199
015907051
126903041
101907116
043901002
220905219
152901015
152901017
152901022
152906042
152906105
152906001
152906041
152906103
152906101
152906104
123910133
108906129
129903102
031901051
070905105
189902041
220910042
127905101
127905001
220905157
003903001
003903044
071909119
079907139
028903101
028903001
028903041
100907102
100907001
100907103
100907041
100907101
057909139
015915054
245902106
245902001
245902041
057909051
240903009
057910004
016901101
016901001
016901041
108909043
170904042
101912128
007904002
007904101
007904001
007904041
007904103
181906104
015907142
123910043
220905154
079907040
108902111
129905001
129905106
129905041
108904131
079907049
101910107
071902129
015910002
057912003
101902003
101902083
240901109
101912201
152901067
057914131
170903106
101912203
015907148
015910005
101912010
221901044
154901101
154901001
154901102
154901041
034905041
101917117
050910105
152901170
178903103
020908114
170906102
170906001
170906041
170906109
170906051
170906002
071902047
101902120
101903106
246911102
084801101
220902109
107906003
107906102
107906001
107906041
109908101
019910101
111901107
057844101
236902042
101912460
079901111
188901046
221901045
227907101
227907002
227907001
014906044
227907041
227907004
220908008
220908003
220908007
220908005
220908002
220908004
220905114
020901002
020901042
031901055
057905181
101913119
227901122
022902001
027904101
027904001
027904041
108908104
101902070
108909134
061902002
114901110
189901001
057905152
070912110
084910107
129902109
015907149
071902177
108902114
057905272
071905110
220910104
220910103
094904001
094904041
061902138
020901103
057916115
057905220
158902102
073903102
073903001
073903045
220917041
061902056
101912480
015915003
102902001
102902041
101912061
123910046
161908003
161908102
161908002
161908041
019907116
043910145
220908116
057905198
126903103
235902118
174904005
015915189
031901104
101903103
123910128
184903108
220901005
240901001
057905128
227901051
178904050
050910106
057905226
101912289
221901155
101912298
234905101
234905001
174909001
070912109
211902102
079907143
021902114
020901111
009901101
057907004
043901115
178904143
082902041
220912114
178904104
108913041
220908118
220908206
015916115
057905274
220908201
157901101
157901001
157901041
020908112
101903143
158904101
057916142
043910122
227901123
205904101
205904001
205904102
205904041
240903116
152901011
101917134
101907105
019903001
220905124
159901107
220905160
101914101
181908102
181908042
199901043
043905052
015907150
043901106
014906129
067904101
015915157
025905101
025905001
057905030
101914111
101914005
101914043
091903112
070915001
070915041
108906001
184907110
015915230
061902114
108906123
227901165
043910135
184907104
227901005
231901001
231901041
231901102
249905041
249905042
043918101
015904002
057903114
057911105
170902053
011905101
015915158
057914044
101915122
163904041
101907150
226903115
161909101
161909001
057903124
061902053
057914118
043907007
043907002
043907004
057903135
220905069
220905050
090903001
034906101
034906001
034906041
101917122
061901046
174904043
101905104
162904001
061901106
101912227
246909004
243905047
094901106
220905143
101912062
101914116
057903129
057914106
152901169
220905051
015915185
101917111
220916122
223902001
015915117
101920108
178904123
220905141
220905052
220912104
130801001
014906108
043910102
079907110
101801102
010901101
010901001
163908001
163908042
015912111
061911042
057814003
020901108
101917140
043908001
043908101
043908105
123907010
101920109
043910105
046901108
101912204
108913111
101920001
108906002
123907009
015905003
125901042
159901042
031903042
101920042
108912044
137901042
240901044
250907041
108904045
101914104
101914044
057909006
096904001
096904041
164901101
164901001
164901041
227901147
101902109
043910103
105902108
227901058
178904124
108907002
108907004
108907106
108907006
108907001
108907041
094901002
227806007
018902101
018902001
246801001
014909101
221904102
221904001
221904104
221904041
221904042
057907103
057916134
220920003
188901134
071905121
071902130
057914656
057846002
057914001
101907127
227806025
220905019
014906022
227901124
101915123
147903002
147903042
079901112
101919106
163904102
101855101
062906101
220905224
046902111
197902001
108906048
015915162
101924043
220816041
220905018
165802101
165901030
165901044
165901003
070908001
108804002
108804001
108804003
191901004
161903001
161903041
220916114
039905001
015908112
057910130
174904042
071902131
108906111
165901113
170902105
243905121
166903102
166903001
166903041
101912011
175910101
175910001
101919107
200902101
200902001
070909001
043910131
152901195
220901135
112907001
014903103
101903144
101917048
031912042
105902043
015916111
227901181
184904101
101907110
184904001
184904041
101912299
015806003
101919120
240901110
180901101
108908110
011901102
250903102
250903001
250903041
250903101
182903002
182903001
182903041
015915195
178904149
199902106
015907210
079907118
108908004
071909007
079907124
108908001
108908041
108908003
071905135
235902117
079907129
079907042
101912354
220905144
021902119
043910126
101912264
235902004
235902045
170902067
101915116
071902160
057922105
057916108
057905005
031903045
238902002
238902001
129903103
201902107
220905053
169908101
014906128
071901104
057909121
178904125
108915101
108915001
108904115
152901023
170903003
015910122
101912207
170903103
170903002
170903102
170903042
170903051
015820002
071909002
071909045
161910101
161910001
178904004
161910041
161910102
043905124
101907115
101917129
178904148
220901144
220905146
212905045
170902051
101917133
209902001
071902046
071902167
101912359
013901041
084902104
072910101
018903001
031901129
046902117
061902121
171901102
220905147
220905054
015904109
101917135
108906045
034907041
040901102
220901131
040901001
040901041
101914130
101914009
101914049
057914126
114901111
057916132
173901001
057914107
143902101
143902001
126902103
057905188
109910101
109910002
101912311
225902003
225902001
225902041
014906121
071901002
161914116
212906112
201907101
201907001
070908106
046902120
046902046
080901103
080901001
080901102
080901041
101915126
049902101
049902001
009901001
167902101
167902001
167902002
198906101
198906001
138903101
138903001
107908101
227904112
227901052
015907124
015915130
043910054
068901126
241903107
015915160
245903041
071909109
220910043
057909004
057909008
174903003
174904002
246906121
057905236
057905187
220908126
209901101
137903101
246911103
043907124
108909111
108912112
019907109
163903102
163903101
163903001
163903041
220905151
057905233
057905156
015907014
175905002
021902113
028902103
094903101
108906108
094903001
094903102
094903041
079901103
093904002
093904041
093904042
061901047
035903001
101853104
015907155
021902118
199901107
001906040
001906102
001906002
092903126
123905001
079906102
079906001
079906042
079906041
101912209
101912394
015915041
011902103
015908110
129902108
159901105
015907156
061901121
043918103
111901105
174904104
019901002
019905001
019905041
046901001
046901002
046901041
170908102
170908001
170908112
170908103
152902101
152902001
152902041
230906001
230906102
230906041
220907039
015807005
015805101
015805041
153905001
246913011
126905002
014804002
116905001
057914045
101853108
037908001
057922003
068901011
236901102
236901002
236901101
236901042
252902002
220901008
163904105
241901101
071902133
240903109
220817001
101906101
176902104
176902002
176902041
061901107
246909136
015915170
043905134
037904043
220901053
170906107
126902042
133903103
057912004
101902005
068901046
015910044
101902085
057904002
015915039
057909156
101915112
071902161
240901002
089903101
089903001
089903041
169902101
169902001
169902041
068901124
246909042
031905105
129901102
014906042
020901045
014906115
125901104
062902001
057909148
094902111
094904101
094904102
227901150
129903041
066903102
101910114
145906101
145906001
145906041
101913103
108913112
220912002
220912029
057905024
015910022
058906103
108907109
108910104
215901102
220920102
247901104
220916105
101912477
129902003
214901104
188901138
233901103
220905149
112906101
112906001
101912308
126905104
139911002
071905112
057914002
220902044
171901002
084910121
220902042
152907103
220902118
220902047
220907111
101910108
101910042
101910003
220905008
071905142
244903002
154903001
101915102
220918111
101920005
101920047
015910127
101919122
057909134
057916121
101912210
101921109
057916109
246911107
020902102
057906103
070912104
084906104
146901102
201902108
241903103
001907101
244905001
015915136
071907003
025902106
059901104
227904104
061911001
243905207
101848101
101848102
015910109
057916110
126902104
101914109
101920121
146902042
057809101
057827101
057827102
069902101
069902001
178904012
178914004
235904101
240903103
227804102
227804101
020905104
061911116
220905016
158906041
220902110
057916106
227901047
020905109
057909046
138902041
008901102
008901101
235902108
015915016
153903101
153903001
101903046
020905116
071909103
046902123
015911041
188901119
101912211
101913118
181907103
015910110
223901102
227901148
015915118
015910131
227907107
178904127
061914108
152907108
170902109
170902005
227901125
111901106
220905150
079907145
220905152
170908113
220912107
046901042
101913108
019905103
145907102
145907002
021901201
220916106
101912212
057905168
205905101
205905001
205905041
068901002
101914122
101902115
227901156
123910047
084802001
220901139
015907157
043905120
050904001
240904102
061902123
246909122
220919107
101902111
200906101
031901045
070912111
127906101
057905051
108911102
101903042
108908111
031906108
015910111
252903101
252903001
252903041
178908101
188901120
140905002
140905041
015916109
227806031
187910101
187910001
057905269
084902106
101914003
019907003
071909009
094901104
057905202
101902112
125903102
125903001
125903103
125903041
125903101
181905102
181905001
181905041
230903102
230903001
230903041
212905114
227901126
031901139
221901152
101912338
101912213
015915182
043910056
199901111
220901055
101903119
152901174
201908101
227901189
201908001
014906132
101907119
212905109
101903140
079907138
123910004
053001103
053001001
053001041
077901003
057907007
057909007
057910007
057914007
057916008
009901002
040901002
140908002
040902002
225902042
015907168
084910110
090904002
043914103
020908004
031901003
150901102
051901001
015907053
104907001
048903001
158905001
158905041
001907001
001907041
125902101
227901171
031901122
070910101
079907121
070910001
070910041
031906106
015908106
014906048
188901004
182906101
061901120
090904001
090904042
033902101
033902001
033902041
183801001
183801003
042905001
249906101
249906001
249906050
249906041
188901121
031901137
227901061
139909007
139909002
139909042
057909112
227904043
071902134
220907109
101913122
101912214
101917043
015916105
161914120
084902107
101912215
165901122
101902065
057916051
071905113
071905003
071905042
101917112
246913120
220907103
220918113
061902124
220912106
101908106
220907114
227904102
170904101
121904103
152901176
057909181
101917001
101917013
220905010
071803002
071803001
071909123
071905122
015915122
246904104
101919105
057909135
227806009
227806023
014906006
091903002
123910006
094901108
246913112
108902113
108912114
246909134
101912216
235902042
227901143
063906001
123910012
161802001
117901104
057905139
019907115
246913108
013902101
170907101
057916004
227901048
220901154
101917108
101919108
020908001
020908041
020908043
020908042
082903001
082903103
082903041
043910161
108908105
165901130
068901117
227901128
015915046
184908101
184908001
184908041
021901107
071905131
061901116
079907125
227901129
015911103
101912217
195901001
195901101
014906109
170902041
212905115
057802001
046802007
109914001
110907002
091906110
031901121
137901110
227901190
240903111
159901122
101912025
031901046
047902041
068901003
119903101
119903001
091906037
057903042
179901001
179901041
179901101
015907158
101912064
014906110
159901117
101911005
061902109
095904001
101912265
133903041
039903101
039903001
178902103
101903110
013903101
013903001
172905102
172905002
172905041
108913117
246909053
227904101
227904001
227904041
043905133
129903101
227901032
011902004
101838004
015907064
227901164
057912162
240901111
123910125
101912218
227901151
061903101
061903001
061903102
061903041
101912337
181907101
187907103
101920110
092904101
092904001
092904102
092904041
092904043
092904103
101913111
091906042
101912219
170907104
113901004
003801103
003801001
043905117
057922101
057825001
227907108
252901104
043905044
057914123
245903102
032902103
032902002
032902105
032902041
032902104
220905228
235901103
251902101
251902001
251902041
095905001
057846003
043910006
043910212
043910008
043910025
043910001
043910010
071905033
092903110
019912102
057905273
019912001
019912200
019912041
227901130
246913114
057913101
188901122
007905103
007905001
007905104
007905007
007905005
007905041
007905105
101912220
028902104
126905105
057904102
101902051
101912221
015907054
137901005
101911006
071902159
057903046
079901138
061902125
220905009
101917113
246909117
061906101
061906001
061906041
101919103
184901101
184901001
184901041
101907156
220901120
227910101
015801001
178908001
101912222
031909001
031909041
123908102
123908042
123908001
029901105
057914117
170908101
031901002
170908006
031912004
015814001
085902101
101907104
085902001
085902041
101907147
007906101
007906001
057914004
007906102
007906041
247904004
247904101
247904001
247904041
163908105
091913101
091913001
091913105
091913041
015915112
170902122
240903119
057916123
028906001
061902126
169909101
169909001
061911111
220918044
139912001
139912041
227901026
227901025
072801101
072801113
072801102
072801103
072801138
072801107
072801001
072801129
072801108
072801137
072801135
072801109
072801141
072801110
072801112
072801116
072801136
072801128
072801104
072801115
072801131
072801117
072801130
072801139
072801118
072801121
072801140
084805001
125905101
125905001
071905123
227907106
189902101
189902001
057905195
057916125
220816101
015908107
057914120
102902042
167904001
239901004
003904005
220818001
043911001
098903101
014803002
014803101
091901041
101868001
101868002
108910102
108910001
101912071
152901007
170906010
170907010
170908003
043912001
061901117
161914121
108909131
108909001
108909002
108909003
108909005
108909007
108909009
188901139
101912223
031901142
015915250
043905131
101910112
246909113
031901108
071902135
101910109
079907111
079907044
099903001
034907001
101917044
027903003
057825005
101913005
221801053
221801034
161802102
250904101
250904001
250904041
013901101
105906041
108904130
126905041
084901041
102902106
043914101
220914103
020901106
057905215
147903105
043912101
043914105
108909045
015915167
240903132
015815001
015815104
015815103
015815041
015815101
108908044
174904105
046902101
101914011
190903101
190903001
190903051
190903041
057903126
054903102
054903001
054903041
101919126
084910128
105906116
212905116
152901177
066005101
142901102
214903042
071905114
234801001
234801002
071905049
020902108
031906109
057903007
014906043
191901002
015906101
015906001
015906041
057914108
067907101
067907001
067907041
031912108
220901109
231902001
249905101
161802103
108908114
031901141
020905115
043910127
074903041
108913106
031912115
108909115
057905068
101806001
101806042
101806101
101806102
236801001
015915053
101914134
094902041
101912396
246906104
159901102
178904005
015904110
108906120
074917001
015915042
246904106
014909116
101902072
101902113
043914045
014910041
245903001
245903004
101912349
220917003
227901131
100904102
079901044
192901101
192901001
192901041
221901154
099903102
221901120
226903116
015910007
101912012
227901006
101912382
007902006
170902124
046902113
057841001
054903002
101917114
101912224
019911101
019911041
070911101
070911001
070911104
070911041
011901107
071901102
015915013
015910128
019906101
019906001
019906041
019906102
101902104
014906122
101902068
101907129
101903113
152907002
191901108
196903103
196903001
196903042
015910120
123910118
227901132
057905199
220918107
220901159
084904045
101907155
043910049
031901109
031906105
043907112
101912060
101912225
043912042
031912008
015915169
234906101
015907055
137902101
071901045
137902041
015916116
170902114
175911101
212905117
045903001
175911001
175911042
045903043
101912080
014906137
220905165
057905170
188801001
068801002
068801001
220812001
101854001
178804001
014801001
068801003
093905101
093905001
227901028
035901102
057916003
057916111
071902055
057916045
057916112
057916044
101917115
057840001
057916130
220902106
220902002
220902043
206902001
146902103
015806001
101917142
101919048
043905114
170902117
243905002
101913127
079907016
101920111
188901123
079907116
079907109
227901133
015910112
220907129
246909051
123908103
220905156
161912001
214901107
214901042
071905052
214901003
214901001
031911102
031911001
031911103
031911041
126907101
126907001
226903117
126907041
227904118
101853101
101853042
057916137
152802101
067908101
067908001
079907140
043914108
101912228
227904107
101913123
246913118
246913123
188902001
188902102
220916123
161903108
061901108
071902156
031901004
057903123
194903103
194903001
194903102
220905190
071905005
071905044
220905056
015907160
101913045
027903104
057909127
043905047
015910139
061911107
220901110
232903103
070912043
071905141
015907131
057909145
015908044
170908106
178909105
057905174
057910132
159901106
212905001
049901104
230906101
071905140
015914001
220919104
101914120
043919104
041902101
041902001
014906008
170904043
071909101
108904006
057905050
020908009
220908115
101914123
031912109
071902136
101912229
158901104
237904101
043905125
101907152
101912186
161922102
161922001
161922103
161922041
043910050
161922101
101907140
178909001
076903101
076903001
160904001
021901105
061902139
015808007
166904101
166904001
166904103
166904041
004901001
004901041
069901001
199901001
199901002
199901004
101912113
101914046
240903129
108913104
235902125
015907140
101912372
227901174
214903108
220908041
128901105
057905186
014907102
015907161
188901124
043905102
014907001
014907041
015907057
020908111
198903101
057913107
188902101
015916118
214903001
214903041
108911104
057905264
015912041
246913122
057910050
101914117
108908039
015905113
101912231
108906121
152908101
015910004
152908001
152908041
084906105
105904103
110905001
214901108
220901122
079907146
057913106
177901001
177901101
094902102
043910130
073905104
073905103
073905001
073905004
073905041
227901251
101921110
057903118
220905067
057905204
057905359
220905057
220905131
057905288
108912105
243905208
057905037
159901110
159901116
068901119
101912232
015915043
071902042
101913047
076904101
076904001
076904041
101915114
246909001
246909002
075908101
075908001
246913004
108906006
227904115
235902110
057909137
057909009
139908001
015908113
015905104
084909103
220904042
043907115
015907194
178904003
152901193
237905106
237905105
237905002
237905041
015910138
101924102
199902002
199902041
214903105
108903104
233901111
108907107
108911105
057906102
101912233
015915048
220905120
057905117
057914109
240903115
104903001
101920112
128903101
128903001
108902105
246913043
170902103
152901178
037907102
071902138
165901116
037907002
037907100
037907041
037907103
031901110
020908107
227904119
199902042
057914110
246913115
061901113
240901112
061901002
091914101
091914001
091914041
050910042
020905101
057909003
057907105
220912112
057905129
220905123
015909104
232902101
232902001
232902041
092906102
092906002
092906005
092906041
123913001
057909010
014906135
125901105
220905162
071905116
220918103
220918004
043910115
169911101
169911001
014908001
014908041
015911042
014908042
057903005
125901106
108908113
240903107
057910125
112909001
240903044
071909042
101919117
108912117
221901124
021902112
031905101
057905160
068901113
101910116
108913103
175903105
159901115
220901002
057909043
102902043
020908105
021902046
057910118
074917101
101917002
220905161
057905083
101902118
101907138
061911109
094902001
236902103
057804011
015820001
015823001
203901102
203901002
031912001
031912043
031912007
108904118
066902001
071904001
233901104
214902101
214902001
057905207
068901121
101911112
146906102
170902115
188901126
226903119
101908104
101917045
165901045
084901108
159901109
105902001
178909101
245904101
245904002
245904041
206901101
206901001
206901041
022903101
188901125
101912281
227901127
178904130
222901001
084910129
058909001
117903101
117903001
117903041
061908001
061908041
061908105
042903101
042903001
126903111
084909001
084909041
137904001
137904101
240901115
031913001
031913041
165901123
226903120
031914002
031914001
108903102
182904101
220915042
182904001
240901116
108909121
015907144
057905072
131001103
079907050
057814004
061901119
015909105
020901113
074911101
074911001
079907142
015915179
101912237
101912024
125901107
178904132
165901125
043910148
015907164
094902103
043910047
101915047
101905103
101912353
057905029
057905039
057905033
108910003
057905036
057905026
015827001
015827002
015831002
015831001
071902020
075903102
075903001
101915119
237904043
057912114
071902140
227803001
105906112
015915143
043905050
243905128
071905117
084902006
014909110
236902104
043907044
101912269
105905102
129910101
129910001
129910041
057914114
084910042
029901107
057905208
057905015
057905069
057905244
083901001
178909041
008902001
008902041
178808101
178808041
159901113
031903118
046901104
101912373
108906116
184903109
094901001
220901009
015907186
057909048
008902102
008902103
043905122
220905226
083903101
083903001
083903041
083903102
083903002
061911115
101802101
101802102
101802041
227913105
043907005
015910113
227806005
079907120
061911108
101914010
101914053
012901101
012901001
012901042
108909129
071909127
070912107
220901048
101913116
101920113
061902058
101912276
220916117
220907108
220916107
061912105
020908103
101912479
152909004
152909101
152909001
152909102
152909041
242902101
242902001
242902041
057914111
230904101
015912042
199901113
031901111
101912023
101912081
108911001
108911042
057914121
178904122
043905110
101912239
057903125
015819107
015819108
015819102
210903002
101924110
101924108
101924010
043910108
204904001
204904102
204904041
204904101
243905123
043910007
045903102
101907132
101912240
091906002
220901134
101920119
070911105
235902111
143903101
143903001
244903104
057909120
072802002
220901123
101902047
057909141
220912110
057905173
047905001
067903101
079907137
115902001
071909113
043910104
100904001
071902011
220915106
220906110
020908110
020908109
023902001
227901139
015911104
101912241
205906105
205906001
049909101
043910133
013905101
013905001
013905041
031901112
014906136
015912105
057905025
057916126
003903129
152903001
152903042
152901068
043907111
188901140
249908001
043919042
001909101
001909001
227901060
101902114
212910002
015907165
057914129
079901107
101903105
101912242
101919111
152901179
178904134
227910106
235902112
245903105
043905104
057903002
014906045
101907056
123910042
220902107
220902046
046902002
046902041
011904101
011904002
011904041
110906101
110906001
152901069
101903117
026903101
026903042
026903002
220902108
208902004
170902131
208902001
208902110
208902041
208902109
071909001
071909041
178909042
015909103
015909101
015909001
015909041
026902101
026902001
043905130
061911112
218901101
218901001
218901103
218901041
170908110
220904103
100905105
107901102
101917138
014903044
161903105
220901111
101912486
058906105
110902105
165901117
172902101
215901103
247901106
220916108
188901127
057910003
057910006
220905166
220905167
220905003
101917118
101917003
101917046
220907115
021901101
188901128
071905118
102902107
108904044
057905016
108913003
123910045
178904052
152803001
015908001
101917119
031916003
031916001
031916004
031916041
161914130
092903124
177902105
243905129
057909113
085903001
101912244
101917047
031901131
061902131
015917002
001907107
020902103
129905104
015917001
146901103
015912011
014903104
015912101
015912001
101838001
220905014
031903006
108906009
101838041
015807101
015807001
015807004
015807002
101838102
101838104
021901104
054901200
221901128
084910044
043905112
101917131
014903109
098904001
098904041
043905111
071909048
043902003
059901040
220905080
161903103
220901112
101902132
027904104
246909105
015912110
101907054
170907001
170907041
101920114
046902044
101920043
057909138
057916118
117907101
101920045
220916121
101919001
092907001
092907101
092907042
092907103
019907111
015916110
101920046
101920120
057916113
161903104
101920003
101920044
220905168
227904109
140907002
140907101
140907001
057916124
184902106
184902001
184902108
184902041
184902107
063903001
229905101
229905001
071909049
057836101
057836041
227901136
212905130
013801101
123907116
015905125
015905114
070907101
079910102
079910001
079910103
043905049
079910041
079910101
015910125
043905041
127906001
127906041
208902106
101914132
071902141
156902101
156902001
156902041
212906114
167903001
057903106
133903102
180901003
220901140
111901002
046902105
057909154
015907167
101902064
246913107
031901044
101919047
101924107
057905145
021902041
057910101
079901114
101911102
079907007
152903101
174801101
061901123
101902119
072903001
101859101
216901101
216901001
254901042
101911003
101912014
015915161
015910141
101912245
015915022
057905211
015915047
101912098
170903104
084908103
152901180
236902101
212905047
061902111
031901054
043910139
015915050
247906101
247906001
247906041
015910133
220916110
086901103
057905162
015904105
246909007
015907169
001907110
101902127
101902044
101915044
101920006
211902001
211902041
182905001
204901102
061901044
220905058
235902041
184907103
031903111
003902004
003903004
003905004
003907004
101917123
108909004
020902002
178904054
057916114
220905021
246909011
140908101
140908001
238902107
057905228
101914119
220912111
043902103
101912163
079907043
014906111
079907119
021902110
031912110
112910001
112901108
112901002
112901041
101913014
220912043
101913120
220816001
057907005
227901138
071909047
015912102
101914110
110907101
110907001
110907041
191901104
057919101
057919001
057919041
171902101
171902001
171902041
220905169
188901130
171901104
071902022
057905018
227901158
079901115
105906108
101912248
057910120
020906104
020906002
020906041
143905101
177902001
177902104
177902041
101907153
220901113
220912102
220908042
220905208
070908104
043914102
244903105
057905213
101914045
101912039
212905101
079901116
108902103
220917004
240901125
057905043
020905108
108912113
043905128
015907061
123908104
015915007
205907001
205907041
161920002
153904101
153904001
153904041
152901024
220905171
220920105
146907001
146907102
146907041
146907101
220901010
220902009
220907003
220908304
220912012
220915002
220916007
220918007
220920004
220905242
014903116
240901107
220908103
188901005
238902108
043904101
201910102
201910002
201910041
201910104
221901007
141901105
043905123
108907102
220906105
221901121
101903003
101914002
246911001
246911041
079901109
081904102
101917128
081904001
081904103
081904041
101902045
126903002
082903104
071905010
015904048
015910056
123803001
123803041
123803101
123803103
071902027
014909002
210904002
158901102
161914044
246909131
022004101
152907042
101920122
071902048
129906004
091903114
129906002
015904043
057914048
019907005
220905082
084906001
084906010
101912100
183801002
227805041
227805101
019907002
226801002
019907042
236902108
236902008
236902048
105802041
105802101
220814101
170801003
221801022
211901101
056902001
126902101
061901114
101920131
220906006
061902004
227824001
227824002
015802004
061802005
061802004
061802003
221801040
221801043
101915130
007902004
170908002
101920130
021902017
057906106
221801041
046901038
220811102
101920129
116801001
227803102
101861101
101912234
031916005
101917014
101917055
101920132
101814103
101814102
101920128
170902003
101915106
057905303
220908117
108912010
019907107
108906130
057905074
014908101
057905054
043910117
221901151
174904110
057905055
057905007
013901104
057905183
071905111
101912077
057905277
057903111
057914127
101902117
101912243
101917049
166905101
166905001
166905041
014909111
015915149
220901114
101907050
101920123
015910126
246912101
246912001
246912042
149902101
149902001
072901101
224901001
095905109
057916146
079907012
057910129
043914107
101910111
158902001
158902041
059901106
071905132
101912279
061902108
101921113
187907102
220907005
014906133
220906104
101913110
220907046
015915132
101913046
046902114
227904103
210905101
210905001
210905041
101912374
091907101
071902168
101907141
129906104
057914112
184903042
133903001
226801001
227806024
105906110
111903101
111903001
111903041
057909136
091918101
091918001
091918041
057905148
105906103
061902134
071902178
170906108
057905144
101914133
101921108
101921001
101921105
101921042
101921003
101921002
101914012
031913101
107906104
179901002
071908101
071908001
071908044
071908041
057914113
170902071
057922108
079907114
057912120
188901143
014802001
084901011
220905035
220916120
071902015
240903110
240903048
021902001
227910005
227913002
246913013
227901027
227901036
227901030
015907022
031903112
070903104
071902143
079901108
090904107
096904103
101911114
101912249
105902105
108904111
108907103
112901105
116905107
123907108
165901118
178904136
182903105
227901007
227901140
170902070
029901043
057912043
099903041
108906042
188901047
014909042
101920125
031903117
220801001
221905001
074912101
074912001
074912041
108904106
091906035
220905011
014906127
057905088
107907001
057813101
046802001
046802004
220916002
228903001
228903041
220907123
220907045
212904102
212904002
212904041
003903130
014910101
014910001
061911046
101907048
108904119
101912328
219903001
219903101
219903041
178912002
178912001
178912104
178912041
178912101
101917132
170904104
057903001
220901007
220901054
015910144
101912251
015907058
101919045
101840102
101840101
101840103
014903114
015907244
123907109
101915049
057845001
057905175
002901104
230908101
230908001
230908041
014906051
246909137
230904001
240903001
240903041
240903002
240903043
240903004
101807101
057808101
057808102
161914003
227819101
057911104
227901177
057803101
057842102
057842103
057803043
057803102
057838007
057838009
220816102
057842104
220816003
057843001
057843041
057843101
057803002
057803041
057838006
057838002
057838001
057842001
057842041
057842101
220816002
057905222
101914128
227806034
227806035
212804102
212804103
212804001
232904001
232903001
232903044
015904106
015915056
122902001
071905017
043907108
015915113
018904101
018904001
018904041
101920115
057922110
170908109
061902127
096905001
108916106
108916041
049903101
108916102
227909103
049903001
108916001
108916042
049903041
071905047
108916103
108916005
108916105
101912285
091908101
091908001
091908041
123908105
234906001
055901001
234906103
234906041
234906104
158906102
158906002
234904002
220905135
184907101
246913005
043905054
108808101
108808103
108808104
057914042
101814101
180902101
180902001
031901047
020905110
212903102
014906126
220901006
126908101
126908001
126908041
126908102
226908005
226908101
226908001
048901102
048903191
031901126
057909147
244903001
031903043
244903041
057909054
220905159
015904113
031901009
108908002
108902046
214901044
246909111
235902114
057905153
235902013
031901113
235902008
101911122
235902014
101902008
084910048
101865001
101865002
101865003
108909125
181907102
181907001
181907041
181907104
071902144
031901117
015819106
246904107
057847001
031906102
015915116
108904124
123910048
101902154
043910004
015910147
101905101
165901004
015913001
199901101
221801011
221801048
221801052
221801023
221801014
221801045
221801006
221801054
221801044
221801047
221801026
221801020
221801057
221801005
221801033
221801049
221801055
221801050
221801046
221801025
071809001
071909106
071905128
246913003
225902104
094901110
170902069
143904101
057905109
205901102
129901101
220902115
108902048
093904005
031905041
049901107
057905049
220915107
043901042
243903041
003902101
057905002
003902102
129906103
057905048
220905172
139911101
212909103
170904107
220905133
015917102
199902105
061911110
057904041
220902103
057905021
219903102
057905118
057905014
015907173
161801101
161918199
161914002
089905102
101912252
019907113
091906108
043905005
059902101
101864041
220902121
101907137
238902041
079907130
226906101
226906001
226906041
226906191
041902180
226901180
048901180
048903190
200906103
216901180
226905180
226908180
168901003
177902004
057916116
177901003
237904002
237904041
043914110
049908101
101912253
220915103
227901141
057909122
220919103
070908044
057905224
046901107
105904102
018905003
020901107
043901043
084910115
079907134
101912015
015910114
015915148
015915183
221901150
092903125
101907149
229904103
015915019
229904001
229904041
129902041
101912016
001907102
102902110
015907172
091906109
114901113
123907117
220905175
170902043
165901129
015819002
243905125
102903103
102903002
102903041
220902113
220902045
226905007
226905101
226905001
057904107
152901183
101907045
009901041
057909115
094902110
220905176
070801001
070801041
070801101
070912004
070912002
070912003
061911120
212905118
220918041
043910113
184903001
184903003
057909116
240901010
043907104
140905102
220901148
227901053
057909049
227901193
084910119
070912108
220905043
220905060
045905102
045905002
045905041
094901105
084902044
101912056
205906103
220918005
092901105
044902101
061902130
044902001
044902041
223904001
246909115
015822009
037909101
043910116
037909001
108913006
108913001
101912254
015910115
161914129
020907042
101912099
123910008
161916198
059901103
015819105
020907102
161916102
172902102
220901152
220920103
008901105
243905126
161916001
220905105
100908101
100908001
100908041
220916111
057904103
057913103
101914103
101914042
057914003
161916042
181906102
181906001
181906041
178915104
178915001
178915041
227909042
201914105
201914001
201914104
201914041
202905102
202905002
037904104
117904101
117904001
117904041
101912255
014906112
084910049
168903001
101912017
101920014
220905177
220905178
152901184
043905045
014909114
071902146
220905180
220905015
220905221
188901131
101919002
062905101
220810001
227909001
019907108
191901043
220905207
073904101
020902104
246913121
101912036
227904042
152907105
001908101
084911101
101920116
001908002
246909003
001908041
057916048
001908102
015915114
015910137
116908001
241904106
241904001
241904042
101912256
014909005
101912018
015907046
123907111
242903001
152901186
101912257
075901103
101913115
071902153
033904102
033904001
101912267
108908042
015910046
092908001
092908103
092908041
170908041
092908102
057916117
040902101
040902001
212906001
212906041
091909001
091909101
091909041
152901187
246913101
091910101
091910001
091910041
110908001
220907105
109911101
109911001
109911102
057905250
109911041
101912258
188901132
015907059
243905009
243905004
227901175
094902101
227904117
071902052
108916104
101920118
020907106
015910143
180904101
170902045
170902126
057914043
101907131
057905185
057905057
057905217
057910127
079907013
071902174
071909043
201902109
251901041
057907042
057905042
108912123
246913117
057905119
057907104
057905177
057905104
015916114
126902107
079901122
235902115
057909117
152901188
220901145
227901166
246904108
101917120
043910003
014804003
101912082
246908005
246913010
246904197
246909012
246911010
246906002
246913012
220908110
170906105
170904002
220907110
220905066
152907106
101913113
101921107
220918114
014906120
043919041
188902103
101921043
079907002
188901133
234907002
234907042
234907041
234907102
057825013
057905301
057905380
015910116
220916112
247901003
247903003
247904003
015911006
015907174
031903116
057922106
061901109
090904108
108906112
152901189
178904138
101907118
101902067
146902041
043910043
123905042
101912259
153907001
105905001
220901116
015910117
227904106
227904110
101907008
084911104
188901141
178904139
101912260
005904101
005904001
005904041
225905101
057828001
057828002
057828003
057828004
057828006
057828005
248902101
248902001
227901157
057905229
250907103
250907001
212910101
212910001
212910103
212910041
015905116
200904101
200904001
200904041
212909101
102902108
071901101
246909016
174906101
174906001
174906041
116909101
116909001
116909041
152901190
188901135
220905211
220901133
015910047
101914129
101914052
101913048
123908107
070911102
161903106
015916107
015916043
101910110
101910043
252901105
025902107
101913105
220907119
188901142
015907175
178904140
015907176
015901104
057906109
205907101
084906006
057905022
212905119
196902102
196902001
221901003
221901125
101912127
224902001
015910124
101920117
229903102
229903001
229903103
229903041
161903101
220905216
227901152
227901144
220901050
101902110
220905184
081905102
081905002
081905041
101912019
015904114
152901191
184903103
101915043
043910144
043914003
221912101
043914001
221912001
221912103
221912041
221912107
178904107
056901002
246909106
057916131
250905101
250905001
101912020
178904141
101907109
101845008
101845006
101845003
101845004
101845101
101845007
101845001
101845002
101845005
101845009
101845010
057910052
214903101
062903001
062903102
062903041
062903103
170902049
062904102
062904001
062904041
101903101
083903103
101912247
101917130
249905104
220901049
101838101
101912392
101912458
220905083
101912371
101912463
015907023
220905081
101903142
191901003
071905119
071905004
071905046
071905134
031901132
057910053
071902147
015915049
057905100
253901001
253901041
253901105
253901106
031903114
071902148
178904142
227901145
108904110
003906101
003906001
108909110
101914105
025906001
227901146
101850102
101850101
084911103
243905045
101915128
